+------+-------------+----------------+----------------+----------------+---------------+---------------+---------------+----------------+----------------+----------------+---------------+---------------+---------------+--------------+--------------+
|  id  | paciente_id | aceleracion_x1 | aceleracion_y1 | aceleracion_z1 | giroscopio_x1 | giroscopio_y1 | giroscopio_z1 | aceleracion_x2 | aceleracion_y2 | aceleracion_z2 | giroscopio_x2 | giroscopio_y2 | giroscopio_z2 | temperatura1 | temperatura2 |
+------+-------------+----------------+----------------+----------------+---------------+---------------+---------------+----------------+----------------+----------------+---------------+---------------+---------------+--------------+--------------+
| 1178 |      1      |   -0.347858    |   -0.2774942   |   -0.5018363   |   -1.396947   |   -3.038168   |  -0.9923664   |   -0.3012294   |   -0.3013062   |   -0.4733098   |   -3.450382   |   0.3358779   |   0.3664122   |   209.1418   |   213.3771   |
| 1177 |      1      |   -0.3494942   |   -0.2784905   |   -0.506257    |   0.3282443   |   -3.137405   |   -1.267176   |   -0.304126    |   -0.3048713   |   -0.473999    |   -3.51145    |   0.3816794   |   0.2442748   |   209.2359   |   213.2829   |
| 1176 |      1      |   -0.3503367   |   -0.2795012   |   -0.5073244   |  -0.1679389   |     -3.0      |   -1.061069   |   -0.3058944   |   -0.3043152   |   -0.4742527   |   -3.396947   |   0.4351145   |   0.1755725   |   209.2359   |   213.3771   |
| 1175 |      1      |   -0.349803    |   -0.2785181   |   -0.5089812   |   0.7633588   |   -3.229008   |   -1.167939   |   -0.3072355   |   -0.3050302   |   -0.4747746   |   -3.480916   |   0.6183206   |   0.351145    |   209.2359   |   213.2359   |
| 1174 |      1      |   -0.3503878   |   -0.2780875   |   -0.5064904   |  -0.7938931   |   -2.923664   |     -1.0      |   -0.3062091   |   -0.3032917   |   -0.4744951   |   -3.557252   |      0.0      |   0.389313    |   209.2359   |   213.2359   |
| 1173 |      1      |   -0.3511829   |   -0.2801188   |   -0.5100176   |  -0.01526718  |   -3.251908   |  -0.8549618   |   -0.3080579   |   -0.3055644   |   -0.4752964   |   -3.267176   |   0.5419847   |   0.3358779   |   209.1418   |   213.2359   |
| 1172 |      1      |   -0.349765    |   -0.2781606   |   -0.5089182   |  -0.06870229  |   -2.80916    |  -0.9389313   |   -0.3060683   |   -0.3023315   |   -0.4748496   |   -3.450382   |   0.6335878   |   0.2061069   |   209.1418   |   213.2829   |
| 1171 |      1      |   -0.3490841   |   -0.2783892   |   -0.5080957   |   -0.129771   |   -3.015267   |  -0.9847328   |   -0.3065233   |   -0.3048401   |   -0.475889    |   -3.374046   |   0.5343512   |   0.2137404   |   209.2359   |    213.33    |
| 1170 |      1      |   -0.3486931   |   -0.2781698   |   -0.5069462   |  -0.4885496   |   -3.091603   |   -1.030534   |   -0.306212    |   -0.3032279   |   -0.4716124   |   -3.396947   |   0.7709923   |   0.1984733   |   209.1418   |   213.2829   |
| 1169 |      1      |   -0.3522947   |    -0.28126    |   -0.5088718   |  -0.2442748   |   -3.061069   |   -1.129771   |   -0.3065621   |   -0.3048025   |   -0.4748722   |   -3.343511   |   0.4045802   |   0.1450382   |   209.2829   |   213.2359   |
| 1168 |      1      |   -0.349256    |   -0.2776572   |   -0.5074955   |  -0.2900764   |   -2.923664   |   -1.122137   |   -0.3066128   |   -0.304114    |   -0.4762825   |   -3.381679   |   0.480916    |   0.2824428   |   209.2359   |   213.2359   |
| 1167 |      1      |   -0.3507055   |   -0.2796385   |   -0.5068969   |  -0.08396947  |   -3.015267   |   -1.045802   |   -0.3066376   |   -0.3054513   |   -0.4735649   |   -3.274809   |   0.3740458   |   0.3816794   |   209.2359   |   213.2829   |
| 1166 |      1      |   -0.3500665   |   -0.2785125   |   -0.5049539   |  -0.7938931   |   -3.053435   |   -1.061069   |   -0.3054174   |   -0.3031756   |   -0.4740147   |   -3.51145    |  0.09923664   |   0.3282443   |   209.1888   |   213.2829   |
| 1165 |      1      |   -0.3498606   |   -0.2798133   |   -0.5090692   |  -0.7328244   |   -3.19084    |   -1.137405   |   -0.3071678   |   -0.3042552   |   -0.4736814   |   -3.236641   |   0.3358779   |   0.1755725   |   209.2829   |   213.2829   |
| 1164 |      1      |   -0.3511361   |   -0.2786336   |   -0.5072188   |  -0.04580153  |   -3.030534   |   -1.007634   |   -0.3056195   |   -0.3039826   |   -0.4732185   |   -3.312977   |   0.4198473   |   0.2824428   |   209.2829   |   213.2829   |
| 1163 |      1      |   -0.3514644   |   -0.2797307   |   -0.5067663   |   -1.244275   |   -2.954198   |  -0.9694656   |   -0.3075317   |   -0.3043889   |   -0.4749661   |   -3.251908   |   0.5114504   |   0.1984733   |   209.2359   |   213.2359   |
| 1162 |      1      |   -0.3516212   |   -0.2811642   |   -0.5087359   |  -0.6641222   |   -2.832061   |  -0.9694656   |   -0.307848    |   -0.3052793   |   -0.4771329   |   -3.580153   |   0.3129771   |   0.2748091   |   209.2829   |    213.33    |
| 1161 |      1      |   -0.3511515   |   -0.2791725   |   -0.5059632   |  -0.8778625   |   -3.351145   |   -1.122137   |   -0.3043073   |   -0.3035526   |   -0.4748175   |   -3.312977   |  -0.1679389   |   0.4274809   |   209.2829   |   213.2359   |
| 1160 |      1      |   -0.3521645   |   -0.2828799   |   -0.5120987   |  -0.4961832   |   -2.923664   |   -0.870229   |   -0.3079938   |   -0.3056496   |   -0.4748969   |   -3.198473   |   0.8396947   |   0.2061069   |   209.1418   |    213.33    |
| 1159 |      1      |   -0.3563287   |   -0.2833468   |   -0.5083503   |  -0.7328244   |   -2.732824   |   -1.099237   |   -0.3058517   |   -0.3051414   |   -0.4770982   |   -3.419847   |   0.2748091   |   0.129771    |   209.2359   |   213.2359   |
| 1158 |      1      |   -0.3521785   |   -0.2806476   |   -0.5137013   |   -1.419847   |   -2.480916   |     -1.0      |   -0.3115379   |   -0.3095553   |   -0.4811771   |   -3.656489   |  -0.4198473   |   0.8549618   |    209.33    |   213.3771   |
| 1157 |      1      |   -0.3490353   |   -0.2790131   |   -0.5065064   |  -0.5877862   |     -3.0      |   -1.122137   |   -0.3062868   |   -0.3045356   |   -0.4746774   |   -3.358779   |   0.519084    |   0.1374046   |   209.2359   |   213.2829   |
| 1156 |      1      |   -0.3516232   |   -0.2783955   |   -0.5051982   |  -0.9847328   |   -3.160305   |  -0.9312977   |   -0.3034193   |   -0.3037619   |   -0.4729915   |   -3.366412   |   0.3587786   |   0.2748091   |   209.2359   |   213.3771   |
| 1155 |      1      |   -0.345679    |   -0.2785422   |   -0.5086031   |   1.099237    |   -3.167939   |   -1.633588   |   -0.3068936   |   -0.3060997   |   -0.4768084   |   -3.343511   |  -0.06870229  |   0.3587786   |   209.1418   |    213.33    |
| 1154 |      1      |   -0.3494657   |   -0.2805145   |   -0.5031831   |   -1.19084    |     -3.0      |  -0.7938931   |   -0.3025422   |   -0.301209    |   -0.4711942   |   -3.396947   |   0.5114504   |   0.1832061   |   209.2359   |   213.2359   |
| 1153 |      1      |   -0.3517045   |   -0.2804995   |   -0.5062721   |   -1.320611   |   -2.885496   |  -0.9770992   |   -0.3062477   |   -0.3050347   |   -0.4755693   |   -3.351145   |   0.5496183   |   0.1374046   |   209.2359   |   213.2829   |
| 1152 |      1      |   -0.3518557   |   -0.2819949   |   -0.508287    |  -0.4198473   |   -3.122137   |   -1.129771   |   -0.3058714   |   -0.3041005   |   -0.475745    |   -3.389313   |   0.6564885   |   0.2442748   |   209.2829   |   213.4241   |
| 1151 |      1      |   -0.3523989   |   -0.2812701   |   -0.5081537   |  -0.7328244   |   -2.969466   |  -0.8396947   |   -0.3070273   |   -0.3061314   |   -0.4767654   |   -3.435115   |   0.5572519   |   0.2061069   |   209.2359   |   213.2829   |
| 1150 |      1      |   -0.3488061   |   -0.277065    |   -0.5083165   |   0.1145038   |   -3.381679   |   -1.19084    |   -0.3056291   |   -0.3045173   |   -0.4755215   |   -3.473282   |   0.3053435   |   0.129771    |   209.1418   |   213.2829   |
| 1149 |      1      |   -0.3509284   |   -0.2802629   |   -0.5085398   |  -0.6793893   |   -2.877863   |   -1.022901   |   -0.3068474   |   -0.3042852   |   -0.474033    |   -3.473282   |   0.6030535   |   0.2519084   |   209.2829   |    213.33    |
| 1148 |      1      |   -0.3472273   |   -0.2790127   |   -0.505055    |  -0.4580153   |   -3.083969   |  -0.7480916   |   -0.3056892   |   -0.3040994   |   -0.4749527   |   -3.244275   |   0.4656488   |   0.2061069   |   209.0947   |   213.2829   |
| 1147 |      1      |   -0.3466264   |   -0.2783103   |   -0.5057956   |  -0.9160305   |   -3.221374   |   -0.961832   |   -0.3047786   |   -0.3031051   |   -0.4720505   |   -3.152672   |   0.6030535   |   0.2824428   |    209.33    |   213.2829   |
| 1146 |      1      |   -0.3517871   |   -0.2804279   |   -0.5085283   |  -0.3816794   |   -3.129771   |   -0.961832   |   -0.3072348   |   -0.3037105   |   -0.4724923   |   -3.312977   |   0.6564885   |   0.3206107   |   209.2359   |   213.2829   |
| 1145 |      1      |   -0.3498528   |   -0.2754545   |   -0.5074708   |  -0.9389313   |   -2.89313    |   -0.832061   |   -0.3056715   |   -0.3044163   |   -0.4753159   |   -3.778626   |  -0.0610687   |   0.3969466   |   209.2359   |    213.33    |
| 1144 |      1      |   -0.3509927   |   -0.2786609   |   -0.5059855   |  -0.2671756   |   -3.10687    |   -1.038168   |   -0.305181    |    -0.30452    |   -0.4734788   |   -3.435115   |   0.0610687   |   0.4427481   |   209.2829   |   213.2829   |
| 1143 |      1      |   -0.3516617   |   -0.2790832   |   -0.5085363   |   -0.480916   |   -2.89313    |  -0.9465649   |   -0.3056576   |   -0.3038785   |   -0.475583    |   -3.480916   |   0.1984733   |   0.2290076   |   209.2359   |   213.2829   |
| 1142 |      1      |   -0.347703    |   -0.2772492   |   -0.5064722   |  -0.7251908   |   -2.969466   |  -0.9847328   |   -0.3058001   |    -0.30484    |   -0.4766804   |   -3.587786   |   0.1145038   |  0.06870229   |   209.2359   |    213.33    |
| 1141 |      1      |   -0.3466298   |   -0.2771915   |   -0.5045834   |  -0.4045802   |   -3.068702   |   -1.10687    |   -0.3031024   |   -0.3031349   |   -0.4713467   |   -3.351145   |   0.6946565   |   0.1068702   |   209.2359   |    213.33    |
| 1140 |      1      |   -0.3480674   |   -0.2757344   |   -0.5030582   |   0.3358779   |   -3.183206   |   -1.183206   |   -0.3015935   |   -0.3011103   |   -0.4696052   |   -3.007634   |   0.9160305   |   0.519084    |   209.2359   |   213.2829   |
| 1139 |      1      |   -0.3480265   |   -0.2772216   |   -0.501967    |  -0.4732824   |   -2.992366   |  -0.8549618   |   -0.3029737   |   -0.3020516   |   -0.4729305   |   -2.946565   |   0.4198473   |   0.610687    |   209.2829   |   213.2829   |
| 1138 |      1      |   -0.3502587   |   -0.2800379   |   -0.5048141   |  -0.3740458   |   -3.137405   |  -0.8625955   |   -0.3036665   |   -0.3009743   |   -0.4718804   |   -3.419847   |   0.1984733   |   0.4580153   |   209.1888   |   213.3771   |
| 1137 |      1      |   -0.352951    |   -0.2818709   |   -0.5097794   |  -0.8549618   |   -2.770992   |   -1.030534   |   -0.3076861   |   -0.3053591   |   -0.4744869   |   -3.366412   |  0.08396947   |   0.2748091   |    209.33    |    213.33    |
| 1136 |      1      |   -0.3535855   |   -0.2804213   |   -0.5071384   |   0.1755725   |   -3.129771   |   -1.038168   |   -0.3058906   |   -0.3045762   |   -0.4775432   |   -3.435115   |   0.6335878   |   0.389313    |   209.2829   |   213.3771   |
| 1135 |      1      |   -0.3491591   |   -0.2791694   |   -0.5091268   |   0.8015267   |   -3.160305   |   -1.183206   |   -0.3076056   |   -0.3069492   |   -0.4769666   |   -3.40458    |   0.7099237   |   0.2442748   |   209.2359   |   213.3771   |
| 1134 |      1      |   -0.3484449   |   -0.2794396   |   -0.5085326   |  -0.8396947   |   -3.007634   |   -1.030534   |   -0.3059187   |   -0.3059819   |   -0.4756011   |   -3.419847   |   0.6030535   |   0.3129771   |   209.2829   |   213.3771   |
| 1133 |      1      |   -0.3509435   |   -0.2810654   |   -0.5078723   |   -1.068702   |   -3.10687    |  -0.9160305   |   -0.3070858   |   -0.3052507   |   -0.4723632   |   -3.465649   |   0.3129771   |   0.2900764   |   209.2359   |    213.33    |
| 1132 |      1      |   -0.3461115   |   -0.2764175   |   -0.5041503   |  0.02290076   |   -2.916031   |   -1.015267   |   -0.3042374   |   -0.3036994   |   -0.4747927   |   -3.358779   |   0.3664122   |   0.4580153   |   209.2829   |   213.3771   |
| 1131 |      1      |   -0.3504118   |   -0.2790944   |   -0.5063679   |  -0.7557252   |   -2.992366   |  -0.9389313   |   -0.3042729   |   -0.3033296   |   -0.4721483   |   -3.503817   |  0.07633588   |   0.3358779   |   209.2359   |   213.3771   |
| 1130 |      1      |   -0.3490743   |   -0.2765352   |   -0.5052256   |   -1.015267   |   -2.740458   |  -0.9160305   |   -0.3051541   |   -0.303511    |   -0.4747871   |   -3.458015   |   0.480916    |   0.2900764   |   209.2829   |   213.3771   |
| 1129 |      1      |   -0.3491879   |   -0.2778713   |   -0.5058709   |  -0.7251908   |   -3.045802   |  -0.9770992   |   -0.3060868   |   -0.3032024   |   -0.4730449   |   -3.442748   |   0.3206107   |   0.3053435   |   209.2359   |   213.2829   |
| 1128 |      1      |   -0.3501835   |   -0.280049    |   -0.5101645   |  -0.05343511  |   -3.083969   |   -1.137405   |   -0.3089566   |   -0.3060224   |   -0.4760924   |   -3.282443   |   0.3664122   |   0.2977099   |   209.2829   |   213.2829   |
| 1127 |      1      |   -0.3478066   |   -0.2783802   |   -0.5061764   |  -0.8091603   |   -2.725191   |   -1.045802   |   -0.304463    |   -0.3035343   |   -0.4744743   |   -3.496183   |   0.2900764   |   0.2977099   |   209.2359   |    213.33    |
| 1126 |      1      |   -0.3506944   |   -0.2810154   |   -0.5034828   |  -0.7251908   |   -3.129771   |  -0.9770992   |   -0.3036843   |   -0.3017128   |   -0.4717598   |   -3.366412   |   0.5648855   |   0.3282443   |   209.2359   |    213.33    |
| 1125 |      1      |   -0.3504347   |   -0.279177    |   -0.5104515   |   -0.778626   |   -2.961832   |   -1.099237   |   -0.3094958   |   -0.3051629   |   -0.4745416   |   -3.351145   |   0.4580153   |   0.4274809   |   209.2359   |   213.2359   |
| 1124 |      1      |   -0.3493411   |   -0.2792363   |   -0.5058119   |  -0.7099237   |   -3.068702   |   -1.091603   |   -0.3051862   |   -0.3049196   |   -0.4750896   |   -3.442748   |   0.5419847   |   0.3282443   |   209.2829   |   213.3771   |
| 1123 |      1      |   -0.3515977   |   -0.2789705   |   -0.5060796   |   -0.778626   |   -2.847328   |   -1.122137   |   -0.3043923   |   -0.3032849   |   -0.4735007   |   -3.312977   |   0.3358779   |   0.3664122   |   209.1888   |   213.3771   |
| 1122 |      1      |   -0.3499477   |   -0.2792173   |   -0.5069193   |  -0.3969466   |   -3.053435   |   -1.030534   |   -0.3062582   |   -0.3055701   |   -0.4759601   |   -3.572519   |   0.4732824   |   0.2824428   |   209.2829   |    213.33    |
| 1121 |      1      |   -0.3482887   |   -0.2780065   |   -0.5055738   |  -0.7251908   |   -2.89313    |  -0.9847328   |   -0.3051444   |   -0.3040316   |   -0.4759585   |   -3.29771    |   0.3282443   |   0.3358779   |   209.2359   |    213.33    |
| 1120 |      1      |   -0.3501955   |   -0.2793322   |   -0.504167    |  -0.9770992   |   -2.946565   |   -1.10687    |   -0.3042496   |   -0.3027849   |   -0.4728721   |   -3.40458    |   0.2519084   |   0.389313    |   209.3771   |    213.33    |
| 1119 |      1      |   -0.3506358   |   -0.2818301   |   -0.5082326   |  -0.4122138   |   -2.908397   |   -1.038168   |   -0.306887    |   -0.3043801   |   -0.4747618   |   -3.625954   |   0.2977099   |   0.1450382   |   209.2829   |   213.2829   |
| 1118 |      1      |   -0.3493925   |   -0.2791419   |   -0.507194    |  -0.7709923   |   -3.183206   |     -1.0      |   -0.3048099   |   -0.3033258   |   -0.4741902   |   -3.534351   |   0.2824428   |   0.2900764   |   209.2829   |   213.2829   |
| 1117 |      1      |   -0.3495574   |   -0.2783389   |   -0.5098398   |  -0.5343512   |   -2.969466   |  -0.9694656   |   -0.3072686   |   -0.3052522   |   -0.4744749   |   -3.534351   |   0.4351145   |   0.2137404   |   209.2829   |   213.2829   |
| 1116 |      1      |   -0.3477156   |   -0.2785776   |   -0.5048694   |  -0.6030535   |   -3.10687    |   -1.076336   |   -0.3048941   |   -0.3029915   |   -0.4736165   |   -3.496183   |   0.3282443   |   0.3358779   |    209.33    |    213.33    |
| 1115 |      1      |   -0.3497012   |   -0.2785757   |   -0.5062531   |  -0.5496183   |   -3.053435   |  -0.9847328   |   -0.304453    |   -0.3022079   |   -0.4717254   |   -3.625954   |   0.2213741   |   0.3435115   |   209.2359   |   213.2829   |
| 1114 |      1      |   -0.3493848   |   -0.2786086   |   -0.506541    |  -0.5725191   |   -3.152672   |     -1.0      |   -0.304729    |   -0.302937    |   -0.4731809   |   -3.412214   |   0.129771    |   0.2366412   |   209.1888   |   213.2359   |
| 1113 |      1      |   -0.3491077   |   -0.2786702   |   -0.5062562   |  -0.5114504   |   -3.122137   |   -1.007634   |   -0.3059722   |   -0.3048996   |   -0.4742836   |   -3.435115   |   0.5725191   |   0.2900764   |   209.1888   |   213.2829   |
| 1112 |      1      |   -0.3502147   |   -0.2780271   |   -0.5046656   |   -1.21374    |   -3.137405   |   -1.137405   |   -0.3028326   |   -0.3023444   |   -0.4742654   |   -3.51145    |   0.2900764   |   0.1984733   |    209.33    |   213.2829   |
| 1111 |      1      |   -0.3544229   |   -0.2822857   |   -0.5067183   |  -0.08396947  |   -3.59542    |   -1.152672   |   -0.3062435   |   -0.3052295   |   -0.4747881   |   -3.007634   |   0.3282443   |   0.4351145   |   209.2829   |    213.33    |
| 1110 |      1      |   -0.3521112   |   -0.2821155   |   -0.5116067   |   -1.854962   |   -2.160305   |  -0.9312977   |   -0.3095475   |   -0.3065197   |   -0.4785659   |   -3.916031   |   0.2137404   |   0.1755725   |   209.2829   |    213.33    |
| 1109 |      1      |   -0.3504074   |   -0.2775742   |   -0.5049945   |   -0.740458   |   -3.206107   |  -0.9847328   |   -0.3042599   |   -0.3027925   |   -0.4748563   |   -3.320611   |   0.259542    |   0.4427481   |   209.2359   |   213.2829   |
| 1108 |      1      |   -0.3492504   |   -0.2791041   |   -0.5082217   |  -0.3282443   |   -2.908397   |  -0.9236641   |   -0.3065493   |   -0.3044634   |   -0.4746907   |   -3.442748   |   0.4580153   |   0.3206107   |   209.2359   |    213.33    |
| 1107 |      1      |   -0.3496027   |   -0.2785697   |   -0.5072381   |  -0.7557252   |   -3.045802   |   -1.038168   |   -0.3061612   |   -0.3035865   |   -0.4739188   |   -3.160305   |   0.4351145   |   0.2290076   |   209.2359   |    213.33    |
| 1106 |      1      |   -0.350206    |   -0.2792739   |   -0.5053117   |  -0.5343512   |   -3.015267   |   -1.053435   |   -0.3061403   |   -0.3053521   |   -0.4749436   |   -3.366412   |   0.2519084   |   0.5267176   |    209.33    |    213.33    |
| 1105 |      1      |   -0.350455    |   -0.2786641   |   -0.5069113   |  -0.9770992   |   -2.977099   |   -1.160305   |   -0.3051312   |   -0.3038241   |   -0.4746858   |   -3.290076   |   0.4656488   |   0.3740458   |   209.1888   |   213.3771   |
| 1104 |      1      |   -0.3509815   |   -0.2787187   |   -0.5082042   |  -0.8778625   |   -3.015267   |  -0.8244275   |   -0.3077238   |   -0.3040674   |   -0.4746655   |   -3.381679   |   0.4122138   |   0.3206107   |   209.2829   |   213.2829   |
| 1103 |      1      |   -0.347959    |   -0.2787552   |   -0.5067799   |  -0.8015267   |   -3.282443   |   -1.083969   |   -0.3058268   |   -0.3038041   |   -0.4749351   |   -3.282443   |   0.2824428   |   0.4961832   |   209.3771   |   213.2829   |
| 1102 |      1      |   -0.3503379   |   -0.2791723   |   -0.5047758   |  -0.9541985   |   -2.717557   |  -0.9160305   |   -0.304562    |   -0.3030129   |   -0.4725108   |   -3.633588   |   0.2213741   |   0.2137404   |    209.33    |    213.33    |
| 1101 |      1      |   -0.3506481   |   -0.2798604   |   -0.5058057   |  -0.5343512   |   -2.854962   |  -0.9312977   |   -0.3044562   |   -0.3030677   |   -0.4745955   |   -3.335878   |   0.2519084   |   0.4503817   |   209.2359   |    213.33    |
| 1100 |      1      |   -0.3504812   |   -0.279013    |   -0.5081553   |  -0.5572519   |   -3.030534   |   -1.21374    |   -0.3066328   |   -0.3052498   |   -0.4759242   |   -3.480916   |   0.5343512   |   0.2671756   |   209.2359   |    213.33    |
| 1099 |      1      |   -0.3506072   |   -0.2789731   |   -0.5060155   |  -0.8167939   |   -3.068702   |   -1.068702   |   -0.3055327   |   -0.3032598   |   -0.4743399   |   -3.687023   |   0.4580153   |   0.3358779   |   209.2359   |   213.3771   |
| 1098 |      1      |   -0.3542783   |   -0.2826418   |   -0.5097485   |  -0.3053435   |   -2.969466   |  -0.9389313   |   -0.3076636   |   -0.3054745   |   -0.4742414   |   -3.763359   |   0.1374046   |   0.2824428   |   209.2359   |   213.3771   |
| 1097 |      1      |   -0.3509085   |   -0.2805122   |   -0.5093813   |  -0.7633588   |   -3.068702   |   -1.022901   |   -0.3075935   |   -0.3062148   |   -0.4782774   |   -3.679389   |  0.01526718   |   0.389313    |   209.2829   |   213.2829   |
| 1096 |      1      |   -0.3501967   |   -0.2788714   |   -0.506535    |   -0.961832   |   -2.763359   |   -1.083969   |   -0.3065054   |   -0.3033761   |   -0.4742929   |   -3.80916    |  -0.09923664  |   0.2824428   |   209.2359   |   213.4241   |
| 1095 |      1      |   -0.3482897   |   -0.2776774   |   -0.5035529   |  -0.6030535   |   -3.015267   |   -1.091603   |   -0.3019546   |   -0.3013738   |   -0.4732272   |   -3.465649   |   0.4961832   |   0.1908397   |    209.33    |   213.3771   |
| 1094 |      1      |   -0.3484176   |   -0.2780346   |   -0.5065178   |  -0.6870229   |   -2.916031   |   -1.053435   |   -0.3055036   |   -0.302315    |   -0.4723313   |   -3.343511   |   0.740458    |   0.2824428   |    209.33    |   213.2829   |
| 1093 |      1      |   -0.3482555   |   -0.2758057   |   -0.507793    |   -1.389313   |   -2.839695   |   -0.778626   |   -0.3074896   |   -0.3049518   |   -0.4721451   |   -3.503817   |   0.2748091   |   0.3206107   |   209.1888   |   213.2829   |
| 1092 |      1      |   -0.3469882   |   -0.2766616   |   -0.5028115   |  -0.4198473   |   -3.099237   |   -1.10687    |   -0.3016773   |   -0.3030842   |   -0.4728267   |   -3.473282   |   0.2900764   |   0.3053435   |   209.2359   |   213.2829   |
| 1091 |      1      |   -0.3496948   |   -0.2804179   |   -0.5074657   |  -0.5801527   |   -2.923664   |   -1.152672   |   -0.3052721   |   -0.3033993   |   -0.4722651   |   -3.229008   |   0.961832    |   0.1450382   |    209.33    |    213.33    |
| 1090 |      1      |   -0.3528821   |   -0.2824142   |   -0.5118248   |  -0.8778625   |   -2.89313    |   -1.076336   |   -0.3104322   |   -0.3065058   |   -0.4755218   |   -3.374046   |   0.389313    |   0.3740458   |    209.33    |   213.2829   |
| 1089 |      1      |   -0.3490216   |   -0.2781457   |   -0.5083137   |   -0.648855   |   -3.145038   |   -1.076336   |   -0.3077377   |   -0.3057924   |   -0.4771777   |   -3.625954   |   0.3358779   |   0.2671756   |   209.2829   |   213.2359   |
| 1088 |      1      |   -0.3515927   |   -0.2816051   |   -0.5089258   |  -0.8854962   |   -2.969466   |  -0.9770992   |   -0.3054142   |   -0.3033712   |   -0.4736957   |   -3.374046   |   0.2366412   |   0.2748091   |   209.2359   |    213.33    |
| 1087 |      1      |   -0.3485409   |   -0.2769374   |   -0.5067063   |   -1.366412   |   -2.908397   |  -0.7022901   |   -0.3046519   |   -0.3045296   |   -0.4765858   |   -3.274809   |  0.09923664   |   0.4122138   |    209.33    |   213.3771   |
| 1086 |      1      |   -0.3484194   |   -0.2767828   |   -0.5057361   |  -0.8396947   |   -2.992366   |  -0.9541985   |   -0.304999    |   -0.304651    |   -0.4725851   |   -3.221374   |   0.7480916   |   0.2519084   |    209.33    |   213.3771   |
| 1085 |      1      |   -0.3486665   |   -0.2776886   |   -0.5065291   |  -0.3816794   |   -2.938931   |   -1.221374   |   -0.3053139   |   -0.3039575   |   -0.4728704   |   -3.198473   |   0.4045802   |   0.3587786   |   209.2359   |    213.33    |
| 1084 |      1      |   -0.351336    |   -0.2789114   |   -0.5057726   |  -0.8854962   |   -3.030534   |  -0.9236641   |   -0.306081    |   -0.3044514   |   -0.4740223   |   -3.206107   |   0.4503817   |   0.351145    |   209.2829   |   213.2829   |
| 1083 |      1      |   -0.3499914   |   -0.277996    |   -0.5055662   |  -0.5496183   |   -3.099237   |   -1.137405   |   -0.3061942   |   -0.3052595   |   -0.4756015   |   -3.450382   |   0.5725191   |   0.3129771   |    209.33    |   213.2829   |
| 1082 |      1      |   -0.3507168   |   -0.2809659   |   -0.5068104   |  -0.4427481   |   -2.977099   |  -0.9465649   |   -0.3041342   |   -0.3040198   |   -0.4767414   |   -3.396947   |   0.519084    |   0.3282443   |    209.33    |    213.33    |
| 1081 |      1      |   -0.3491937   |   -0.2782053   |   -0.5078296   |  -0.3206107   |   -3.045802   |  -0.9770992   |   -0.3060652   |   -0.3047696   |   -0.4758376   |   -3.267176   |   0.4122138   |   0.3435115   |   209.2829   |   213.2829   |
| 1080 |      1      |   -0.3491422   |   -0.2794868   |   -0.5073138   |  -0.5343512   |   -3.015267   |   -1.045802   |   -0.3060846   |   -0.3037944   |   -0.4742024   |   -3.343511   |   0.6030535   |   0.2671756   |   209.2829   |   213.4241   |
| 1079 |      1      |   -0.349155    |   -0.2777813   |   -0.5043542   |   -1.183206   |   -3.167939   |   -1.022901   |   -0.3041883   |   -0.3033998   |   -0.4750357   |   -3.389313   |   0.6946565   |   0.351145    |   209.2829   |    213.33    |
+------+-------------+----------------+----------------+----------------+---------------+---------------+---------------+----------------+----------------+----------------+---------------+---------------+---------------+--------------+--------------+